RRMCGA502WJSA



Power On
	0000 0069 0000 0050 0000 0046 0000 001E 0000 0046 0000 0046 0000 001E 0000 001E 0000 0046 0000 0046 0000 001E 0000 0046 0000 001E 0000 0046 0000 001E 0000 0046 0000 001E 0000 067A 0000 0046 0000 001E 0000 0046 0000 0046 0000 001E 0000 0046 0000 001E 0000 001E 0000 0046 0000 001E 0000 0046 0000 001E 0000 0046 0000 001E 0000 0045 0000 067C 0000 0046 0000 001E 0000 0046 0000 0046 0000 001E 0000 001E 0000 0046 0000 0046 0000 001E 0000 0046 0000 001E 0000 0046 0000 001E 0000 0046 0000 001E 0000 067C 0000 0046 0000 001E 0000 0046 0000 0046 0000 001E 0000 0046 0000 001E 0000 001E 0000 0046 0000 001E 0000 0046 0000 001E 0000 0046 0000 001E 0000 0045 0000 067D 0000 0046 0000 001E 0000 0046 0000 0046 0000 001E 0000 001E 0000 0046 0000 0046 0000 001E 0000 0046 0000 001E 0000 0046 0000 001E 0000 0046 0000 001E 0000 101F
Power Off
	0000 0069 0000 0050 0000 0046 0000 001E 0000 0046 0000 0046 0000 001E 0000 001E 0000 0046 0000 0046 0000 001E 0000 0046 0000 001E 0000 001E 0000 0046 0000 0046 0000 001E 0000 067A 0000 0046 0000 001E 0000 0046 0000 0046 0000 001E 0000 0046 0000 001E 0000 001E 0000 0046 0000 001E 0000 0046 0000 0046 0000 001E 0000 001E 0000 0045 0000 067D 0000 0046 0000 001E 0000 0046 0000 0046 0000 001E 0000 001E 0000 0046 0000 0046 0000 001E 0000 0046 0000 001E 0000 001E 0000 0046 0000 0046 0000 001E 0000 067D 0000 0046 0000 001E 0000 0046 0000 0046 0000 001E 0000 0046 0000 001E 0000 001E 0000 0046 0000 001E 0000 0046 0000 0046 0000 001E 0000 001E 0000 0045 0000 067D 0000 0046 0000 001E 0000 0046 0000 0046 0000 001E 0000 001E 0000 0046 0000 0046 0000 001E 0000 0046 0000 001E 0000 001E 0000 0046 0000 0046 0000 001E 0000 101F
Mute
	0000 0069 0000 0020 0000 0046 0000 001E 0000 0046 0000 0046 0000 001E 0000 0046 0000 0046 0000 0046 0000 001E 0000 0046 0000 001E 0000 001E 0000 001E 0000 0046 0000 001E 0000 067C 0000 0046 0000 001E 0000 0046 0000 0046 0000 001E 0000 001E 0000 001E 0000 001E 0000 0046 0000 001E 0000 0046 0000 0046 0000 0046 0000 001E 0000 0045 0000 067D
Vol+
	0000 0069 0000 0020 0000 0046 0000 001E 0000 0046 0000 0046 0000 001E 0000 001E 0000 001E 0000 0046 0000 001E 0000 0046 0000 001E 0000 001E 0000 001E 0000 0046 0000 001E 0000 06CB 0000 0046 0000 001E 0000 0046 0000 0046 0000 001E 0000 0046 0000 0046 0000 001E 0000 0046 0000 001E 0000 0046 0000 0046 0000 0046 0000 001E 0000 0045 0000 062E
Vol-
	0000 0069 0000 0020 0000 0046 0000 001E 0000 0046 0000 0046 0000 001E 0000 0046 0000 001E 0000 0046 0000 001E 0000 0046 0000 001E 0000 001E 0000 001E 0000 0046 0000 001E 0000 06A3 0000 0046 0000 001E 0000 0046 0000 0046 0000 001E 0000 001E 0000 0046 0000 001E 0000 0046 0000 001E 0000 0046 0000 0046 0000 0046 0000 001E 0000 0045 0000 0655
Blank
	0000 006A 0000 0020 0000 0045 0000 001E 0000 0045 0000 0045 0000 001E 0000 0045 0000 001E 0000 001E 0000 0045 0000 001E 0000 0045 0000 0045 0000 001E 0000 0045 0000 001E 0000 066B 0000 0045 0000 001E 0000 0045 0000 0045 0000 001E 0000 001E 0000 0045 0000 0045 0000 001E 0000 0045 0000 001E 0000 001E 0000 0045 0000 001E 0000 0045 0000 066B
Menu
	0000 0069 0000 0020 0000 0046 0000 001E 0000 0046 0000 0046 0000 001E 0000 001E 0000 001E 0000 0046 0000 001E 0000 001E 0000 001E 0000 0046 0000 0046 0000 0046 0000 001E 0000 06A3 0000 0046 0000 001E 0000 0046 0000 0046 0000 001E 0000 0046 0000 0046 0000 001E 0000 0046 0000 0046 0000 0046 0000 001E 0000 001E 0000 001E 0000 0045 0000 0655
Up
	0000 006A 0000 0020 0000 0045 0000 001D 0000 0045 0000 0045 0000 001D 0000 001D 0000 001D 0000 0045 0000 0045 0000 0045 0000 001D 0000 001D 0000 0045 0000 0045 0000 001D 0000 0669 0000 0045 0000 001D 0000 0045 0000 0045 0000 001D 0000 0045 0000 0045 0000 001D 0000 001D 0000 001D 0000 0045 0000 0045 0000 001D 0000 001D 0000 0045 0000 0669
Down
	0000 0069 0000 0020 0000 0045 0000 001E 0000 0045 0000 0045 0000 001E 0000 0045 0000 001E 0000 0045 0000 0045 0000 0045 0000 001E 0000 001E 0000 0045 0000 0045 0000 001E 0000 0683 0000 0045 0000 001E 0000 0045 0000 0045 0000 001E 0000 001E 0000 0045 0000 001E 0000 001E 0000 001E 0000 0045 0000 0045 0000 001E 0000 001E 0000 0045 0000 0683
Left
	0000 006A 0000 0020 0000 0045 0000 001E 0000 0045 0000 0045 0000 001E 0000 001E 0000 001E 0000 001E 0000 001E 0000 0045 0000 001E 0000 0045 0000 001E 0000 0045 0000 001E 0000 06A5 0000 0045 0000 001E 0000 0045 0000 0045 0000 001E 0000 0045 0000 0045 0000 0045 0000 0045 0000 001E 0000 0045 0000 001E 0000 0045 0000 001E 0000 0045 0000 06A5
Right
	0000 0069 0000 0020 0000 0046 0000 001E 0000 0046 0000 0046 0000 001E 0000 0046 0000 0046 0000 0046 0000 0046 0000 001E 0000 001E 0000 0046 0000 001E 0000 0046 0000 001E 0000 0669 0000 0046 0000 001E 0000 0046 0000 0046 0000 001E 0000 001E 0000 001E 0000 001E 0000 001E 0000 0046 0000 0046 0000 001E 0000 0046 0000 001E 0000 0045 0000 06AD
Enter
	0000 0069 0000 0020 0000 0046 0000 001E 0000 0046 0000 0046 0000 001E 0000 0046 0000 0046 0000 0046 0000 001E 0000 0046 0000 001E 0000 0046 0000 001E 0000 0046 0000 001E 0000 0653 0000 0046 0000 001E 0000 0046 0000 0046 0000 001E 0000 001E 0000 001E 0000 001E 0000 0046 0000 001E 0000 0046 0000 001E 0000 0046 0000 001E 0000 0045 0000 06A3
Video1
	0000 0069 0000 0020 0000 0046 0000 001E 0000 0046 0000 0046 0000 001E 0000 001E 0000 0046 0000 001E 0000 001E 0000 0046 0000 0046 0000 001E 0000 001E 0000 0046 0000 001E 0000 06A2 0000 0046 0000 001E 0000 0046 0000 0046 0000 001E 0000 0046 0000 001E 0000 0046 0000 0046 0000 001E 0000 001E 0000 0046 0000 0046 0000 001E 0000 0045 0000 0655
Video2
	0000 006A 0000 0020 0000 0045 0000 001E 0000 0045 0000 0045 0000 001E 0000 0045 0000 0045 0000 001E 0000 001E 0000 0045 0000 0045 0000 001E 0000 001E 0000 0045 0000 001E 0000 066C 0000 0045 0000 001E 0000 0045 0000 0045 0000 001E 0000 001E 0000 001E 0000 0045 0000 0045 0000 001E 0000 001E 0000 0045 0000 0045 0000 001E 0000 0045 0000 066C
Check
	0000 0069 0000 0020 0000 0046 0000 001E 0000 0046 0000 0046 0000 001E 0000 0046 0000 0046 0000 001E 0000 0046 0000 0046 0000 001E 0000 001E 0000 001E 0000 0046 0000 001E 0000 067B 0000 0046 0000 001E 0000 0046 0000 0046 0000 001E 0000 001E 0000 001E 0000 0046 0000 001E 0000 001E 0000 0046 0000 0046 0000 0046 0000 001E 0000 0045 0000 067C
Rgb1
	0000 0069 0000 0020 0000 0046 0000 001E 0000 0046 0000 0046 0000 001E 0000 0046 0000 001E 0000 0046 0000 001E 0000 0046 0000 0046 0000 001E 0000 001E 0000 0046 0000 001E 0000 067C 0000 0046 0000 001E 0000 0046 0000 0046 0000 001E 0000 001E 0000 0046 0000 001E 0000 0046 0000 001E 0000 001E 0000 0046 0000 0046 0000 001E 0000 0045 0000 067D
Rgb2
	0000 0069 0000 0020 0000 0046 0000 001E 0000 0046 0000 0046 0000 001E 0000 001E 0000 0046 0000 0046 0000 001E 0000 0046 0000 0046 0000 001E 0000 001E 0000 0046 0000 001E 0000 067C 0000 0046 0000 001E 0000 0046 0000 0046 0000 001E 0000 0046 0000 001E 0000 001E 0000 0046 0000 001E 0000 001E 0000 0046 0000 0046 0000 001E 0000 0045 0000 067D
R-Click
	0000 0069 0000 0001 0000 0018 0000 002F 0000 0018
L-Click
	0000 0069 0000 0010 0000 002E 0000 0018 0000 0018 0000 0018 0000 0018 0000 0018 0000 0018 0000 0018 0000 002E 0000 0018 0000 0018 0000 0018 0000 0018 0000 0018 0000 0018 0000 11BA